1
35 35 31745710
53705197 5756555
53520136 28731967
60631821 30274648
46538830 26100274
63022876 28202156
66322541 7085269
47686338 98065
53101907 3385456
36234397 192753
60201418 6717526
54845108 16009337
47761893 16754175
64568757 1716549
37603842 7935457
51705762 12608335
63812962 5110531
59954834 18584281
56512952 17446145
45517101 23122207
56730612 23409009
64486451 7320469
54062853 12328021
46380298 22379091
64954523 24454915
51685576 19203499
53749298 26176755
48525161 11821179
37689982 5611625
67180078 6379918
48502264 22876277
58500746 17694876
66151604 8326035
56899716 481273
38490173 15259203
64201316 18952791
569681 2081
309338 11249
349261 31121
353596 58783
386653 75069
412828 93291
439601 200879
549841 220825
2842513 230524
595063 304737
1333812 354801
640124 370033
834121 422137
930513 516049
1152221 560521
2554894 627951
1713835 635401
1951661 651423
2075585 653185
613811 653603
2411603 682991
2414127 728423
2789546 748009
2482071 759871
2487369 783990
2294357 795601
2618335 799056
2671610 807425
2724641 847561
2467315 891825
3025441 895669
187011 897338
2827172 898707
3168449 920423
3495107 968663