1
35 35 78703643
70833902 25839947
71530721 12558540
114485837 17173108
97977241 63953995
48790817 6595582
114923457 11302060
68976581 40218156
91619689 71060918
72051199 42980053
36652697 15592061
103872139 59036853
74879575 41784774
104820499 18656139
47940103 45443958
40666379 18186710
56614399 41917292
74470057 77051033
71633329 34401162
38328181 63754113
70107169 23643631
92138701 17726154
74145211 75303155
100266525 49024864
39261118 13367893
93847216 22568240
45603837 8651944
90321358 22995098
66507370 53351375
81363401 52531283
113847820 3058201
65858854 23360980
39396565 52386273
105908872 12259922
69170155 62064797
95607309 21064685
55841 17931
8317281 20434
704446 35226
6979063 39616
7442429 44681
1249709 52667
1728049 62461
3587749 78230
785721 120126
2627316 253769
2971706 277665
2174681 294880
3835569 309085
4019445 393146
4229911 410633
4333045 418657
4900133 446253
5154344 453624
5218006 535046
5261987 541796
5796411 680886
5852898 706851
5974291 713498
7695793 795035
6560255 822331
7715221 842929
7117849 848753
7422240 860937
2562519 862641
6506201 886747
780317 893982
7915049 916289
8007401 933786
452401 952100
8323797 998937