1000 2000
1 2
1 3
2 4
2 5
2 6
2 7
5 8
3 9
9 10
8 11
7 12
9 13
12 14
1 15
14 16
15 17
12 18
5 19
2 20
17 21
13 22
18 23
23 24
3 25
1 26
18 27
26 28
15 29
11 30
25 31
22 32
15 33
33 34
22 35
34 36
27 37
36 38
16 39
32 40
36 41
26 42
9 43
36 44
33 45
6 46
46 47
36 48
41 49
41 50
30 51
51 52
9 53
44 54
9 55
43 56
48 57
20 58
58 59
31 60
24 61
24 62
54 63
44 64
30 65
26 66
9 67
49 68
13 69
12 70
3 71
19 72
38 73
50 74
67 75
74 76
76 77
66 78
19 79
18 80
79 81
6 82
46 83
15 84
6 85
34 86
1 87
6 88
25 89
58 90
72 91
2 92
71 93
34 94
41 95
94 96
92 97
14 98
70 99
71 100
63 101
29 102
25 103
22 104
42 105
73 106
72 107
85 108
29 109
28 110
11 111
2 112
88 113
2 114
93 115
14 116
7 117
19 118
33 119
85 120
9 121
38 122
73 123
7 124
108 125
81 126
80 127
98 128
82 129
40 130
30 131
120 132
125 133
75 134
68 135
10 136
95 137
113 138
128 139
126 140
81 141
89 142
18 143
12 144
76 145
116 146
4 147
23 148
25 149
99 150
96 151
123 152
45 153
128 154
36 155
23 156
128 157
19 158
91 159
15 160
135 161
52 162
53 163
37 164
115 165
54 166
110 167
123 168
93 169
85 170
48 171
140 172
147 173
153 174
86 175
74 176
132 177
91 178
172 179
160 180
142 181
31 182
94 183
120 184
111 185
44 186
5 187
158 188
118 189
144 190
158 191
161 192
132 193
142 194
15 195
27 196
54 197
75 198
10 199
28 200
36 201
87 202
122 203
202 204
155 205
37 206
170 207
87 208
87 209
35 210
70 211
115 212
104 213
108 214
127 215
159 216
6 217
97 218
46 219
211 220
158 221
90 222
122 223
191 224
47 225
46 226
73 227
82 228
117 229
201 230
108 231
5 232
109 233
50 234
128 235
188 236
21 237
103 238
59 239
147 240
45 241
186 242
18 243
130 244
103 245
175 246
41 247
191 248
42 249
83 250
165 251
195 252
37 253
143 254
46 255
1 256
114 257
216 258
55 259
187 260
17 261
110 262
198 263
44 264
143 265
238 266
263 267
52 268
198 269
22 270
55 271
104 272
127 273
144 274
102 275
137 276
85 277
4 278
4 279
143 280
204 281
88 282
127 283
255 284
6 285
228 286
256 287
74 288
85 289
145 290
140 291
238 292
273 293
57 294
195 295
152 296
10 297
11 298
11 299
93 300
297 301
281 302
246 303
187 304
148 305
294 306
195 307
240 308
276 309
27 310
47 311
202 312
203 313
194 314
15 315
82 316
117 317
43 318
134 319
5 320
222 321
34 322
96 323
103 324
85 325
62 326
219 327
48 328
47 329
231 330
186 331
60 332
39 333
53 334
204 335
329 336
4 337
83 338
309 339
181 340
107 341
3 342
1 343
142 344
31 345
206 346
113 347
27 348
199 349
306 350
127 351
340 352
87 353
131 354
319 355
154 356
193 357
132 358
279 359
231 360
117 361
98 362
57 363
32 364
30 365
15 366
8 367
121 368
360 369
114 370
210 371
65 372
299 373
369 374
116 375
192 376
345 377
206 378
169 379
88 380
155 381
211 382
81 383
47 384
7 385
377 386
78 387
121 388
182 389
96 390
387 391
158 392
252 393
146 394
286 395
243 396
180 397
223 398
142 399
53 400
199 401
78 402
69 403
239 404
71 405
217 406
348 407
163 408
200 409
176 410
119 411
333 412
333 413
189 414
308 415
280 416
247 417
297 418
173 419
111 420
3 421
335 422
17 423
12 424
357 425
388 426
278 427
147 428
125 429
1 430
368 431
288 432
329 433
172 434
398 435
22 436
247 437
393 438
296 439
87 440
140 441
95 442
204 443
442 444
137 445
397 446
179 447
146 448
174 449
174 450
300 451
313 452
304 453
62 454
18 455
328 456
119 457
16 458
5 459
131 460
203 461
340 462
343 463
422 464
326 465
353 466
410 467
204 468
111 469
258 470
110 471
204 472
294 473
389 474
304 475
137 476
284 477
180 478
2 479
309 480
20 481
353 482
354 483
93 484
126 485
378 486
465 487
63 488
114 489
282 490
317 491
136 492
128 493
36 494
471 495
208 496
455 497
378 498
31 499
145 500
44 501
18 502
466 503
216 504
477 505
202 506
99 507
157 508
213 509
61 510
97 511
472 512
145 513
80 514
233 515
454 516
24 517
1 518
326 519
491 520
391 521
28 522
263 523
180 524
484 525
165 526
201 527
54 528
483 529
300 530
529 531
530 532
529 533
34 534
217 535
176 536
305 537
296 538
398 539
189 540
169 541
296 542
93 543
521 544
526 545
540 546
369 547
144 548
142 549
188 550
204 551
237 552
253 553
2 554
265 555
444 556
65 557
169 558
17 559
267 560
483 561
265 562
109 563
205 564
511 565
394 566
109 567
321 568
259 569
187 570
267 571
52 572
138 573
377 574
152 575
159 576
498 577
144 578
335 579
91 580
257 581
333 582
228 583
182 584
92 585
436 586
394 587
571 588
221 589
335 590
267 591
415 592
110 593
100 594
297 595
352 596
569 597
197 598
315 599
99 600
217 601
249 602
47 603
546 604
427 605
66 606
131 607
151 608
422 609
139 610
272 611
119 612
192 613
169 614
79 615
482 616
332 617
356 618
484 619
239 620
411 621
40 622
30 623
385 624
524 625
429 626
298 627
612 628
539 629
126 630
313 631
303 632
30 633
434 634
209 635
117 636
433 637
135 638
382 639
479 640
144 641
265 642
468 643
84 644
411 645
169 646
77 647
160 648
454 649
355 650
287 651
84 652
596 653
519 654
372 655
353 656
485 657
209 658
640 659
654 660
337 661
478 662
315 663
653 664
279 665
294 666
450 667
473 668
534 669
323 670
545 671
666 672
378 673
447 674
33 675
533 676
86 677
526 678
477 679
258 680
441 681
245 682
132 683
579 684
67 685
153 686
568 687
375 688
642 689
153 690
433 691
286 692
324 693
433 694
192 695
197 696
390 697
603 698
550 699
410 700
413 701
431 702
673 703
224 704
108 705
551 706
529 707
373 708
582 709
139 710
97 711
435 712
518 713
229 714
35 715
213 716
400 717
97 718
442 719
201 720
490 721
232 722
542 723
201 724
651 725
530 726
198 727
419 728
626 729
336 730
613 731
444 732
602 733
57 734
298 735
27 736
332 737
49 738
100 739
3 740
234 741
66 742
475 743
117 744
651 745
478 746
492 747
570 748
223 749
712 750
470 751
741 752
21 753
264 754
507 755
379 756
214 757
729 758
671 759
140 760
731 761
517 762
7 763
636 764
46 765
448 766
437 767
358 768
388 769
260 770
168 771
402 772
339 773
678 774
682 775
562 776
402 777
510 778
730 779
143 780
733 781
585 782
125 783
645 784
636 785
674 786
500 787
265 788
14 789
620 790
350 791
579 792
770 793
744 794
315 795
171 796
92 797
127 798
314 799
82 800
252 801
656 802
631 803
715 804
459 805
427 806
524 807
396 808
683 809
388 810
145 811
690 812
605 813
470 814
611 815
457 816
438 817
145 818
195 819
498 820
521 821
716 822
777 823
380 824
758 825
13 826
616 827
689 828
820 829
87 830
481 831
603 832
282 833
4 834
351 835
81 836
601 837
112 838
675 839
661 840
13 841
465 842
51 843
618 844
196 845
714 846
302 847
443 848
139 849
577 850
587 851
238 852
818 853
599 854
60 855
382 856
527 857
259 858
687 859
493 860
406 861
293 862
525 863
189 864
520 865
187 866
128 867
719 868
62 869
171 870
263 871
146 872
824 873
553 874
493 875
833 876
292 877
219 878
57 879
731 880
691 881
801 882
75 883
95 884
590 885
621 886
408 887
706 888
214 889
69 890
214 891
840 892
867 893
191 894
140 895
267 896
109 897
675 898
336 899
792 900
280 901
781 902
553 903
720 904
468 905
140 906
537 907
408 908
700 909
482 910
243 911
546 912
135 913
434 914
177 915
728 916
483 917
461 918
561 919
529 920
618 921
807 922
172 923
548 924
786 925
484 926
518 927
739 928
530 929
781 930
510 931
558 932
918 933
637 934
134 935
498 936
897 937
905 938
50 939
117 940
545 941
247 942
648 943
221 944
783 945
631 946
627 947
763 948
492 949
150 950
504 951
603 952
299 953
542 954
363 955
742 956
36 957
565 958
510 959
602 960
510 961
359 962
347 963
609 964
248 965
570 966
956 967
113 968
440 969
274 970
956 971
447 972
673 973
941 974
798 975
382 976
673 977
655 978
780 979
487 980
518 981
129 982
75 983
124 984
10 985
867 986
889 987
683 988
536 989
844 990
340 991
335 992
409 993
310 994
269 995
511 996
651 997
719 998
689 999
20 1000
641 93
201 857
387 251
867 61
218 609
901 489
790 11
475 591
131 746
127 681
693 435
561 568
445 311
356 341
145 917
825 441
41 297
81 361
322 942
564 771
124 861
61 945
956 471
67 901
489 21
287 701
177 151
207 733
1 761
713 261
93 273
794 424
725 876
366 399
315 100
26 909
187 475
220 721
841 416
53 103
979 53
153 31
834 7
769 603
97 485
797 1
148 880
433 729
535 115
383 577
289 3
529 773
501 980
371 492
780 99
437 429
701 8
901 499
311 121
45 397
541 171
1 321
309 732
771 193
475 758
547 977
757 612
41 743
371 346
20 201
981 51
260 369
16 699
962 365
466 637
208 113
226 386
201 738
851 581
977 259
295 953
281 161
357 795
383 583
233 781
724 799
291 345
311 119
641 119
97 625
501 861
179 999
437 378
130 249
601 51
865 825
861 681
871 772
201 890
115 517
799 307
961 101
101 949
825 1
51 971
341 347
71 811
247 301
672 296
261 175
833 46
813 265
670 969
81 157
871 556
971 523
296 285
654 985
511 265
671 653
627 721
887 360
801 819
505 483
321 125
963 73
691 258
761 90
275 481
405 175
57 113
513 660
909 870
703 687
289 263
801 421
441 801
591 64
65 709
732 41
105 25
363 857
937 493
201 333
701 981
529 126
23 391
57 319
795 40
50 310
103 634
918 919
327 490
141 894
705 661
1 441
1 814
7 823
682 305
401 718
113 16
303 571
233 373
301 941
453 414
82 169
173 669
710 233
577 931
376 105
296 758
207 551
337 199
665 137
153 649
424 985
338 11
391 557
109 449
898 94
99 683
836 33
721 624
669 873
249 601
945 849
639 401
981 702
601 347
385 581
369 137
287 105
2 366
421 713
523 818
9 873
637 249
343 426
401 262
681 651
345 124
31 536
349 436
963 841
106 303
501 301
365 553
881 133
755 677
81 85
81 201
128 763
825 145
769 111
301 533
530 245
27 263
604 423
449 95
336 507
837 125
329 9
847 397
356 233
536 505
501 554
691 712
41 882
724 481
11 642
731 121
419 346
301 763
670 353
681 81
561 872
476 201
860 345
790 461
551 513
221 121
681 692
281 21
543 674
489 483
573 973
871 631
22 473
621 658
299 89
972 443
618 771
422 60
681 316
7 376
756 24
480 293
203 11
581 916
179 200
290 88
993 752
519 170
169 465
857 802
289 131
201 389
951 356
29 701
881 351
402 581
597 524
736 41
841 772
888 99
571 634
43 510
161 581
429 217
270 601
40 741
302 963
329 876
919 676
857 216
53 996
289 833
243 929
530 340
145 152
215 438
841 721
730 275
251 169
927 723
421 399
808 331
481 598
111 927
518 742
337 949
558 959
901 105
983 597
891 843
303 361
645 849
384 326
859 617
802 467
670 665
370 966
151 444
895 515
226 705
936 785
778 41
969 16
416 183
401 719
361 526
7 501
222 43
408 769
193 37
847 461
25 78
823 77
841 881
301 525
907 365
918 743
730 837
932 351
41 881
702 510
605 25
944 541
881 811
537 110
515 163
521 288
925 153
629 340
61 193
561 471
289 88
41 1
397 237
169 428
430 23
630 305
967 89
115 751
261 249
27 945
681 935
917 921
418 453
141 983
721 181
481 690
953 216
266 577
856 673
493 307
308 336
368 433
451 905
345 778
154 177
686 306
292 355
708 939
562 545
971 907
245 229
734 671
481 961
641 293
398 654
511 244
801 97
681 701
521 161
521 225
410 230
381 785
553 153
594 217
516 141
755 556
941 621
413 270
806 790
187 570
489 910
255 493
299 321
885 315
715 253
916 759
861 46
236 143
61 361
337 846
251 999
269 831
470 901
285 711
773 21
229 641
65 49
801 141
321 121
297 931
5 208
475 46
171 725
586 871
137 125
109 603
793 931
48 248
230 29
716 731
363 721
453 561
601 281
729 1
909 531
221 961
253 219
855 329
840 893
141 566
414 691
729 813
165 358
373 303
891 561
999 916
196 545
537 179
290 901
5 768
337 549
737 815
881 942
425 877
361 116
379 719
759 875
111 491
161 441
82 653
181 680
620 737
69 753
297 79
58 777
173 488
521 726
567 996
101 341
80 105
230 817
435 951
615 991
653 791
571 545
953 582
520 621
849 826
801 753
651 169
541 287
669 251
361 185
841 108
377 105
137 836
640 911
789 329
32 256
376 913
226 601
161 276
651 809
243 811
332 51
555 399
260 74
945 802
529 55
593 261
651 993
873 771
361 152
456 266
857 65
71 513
695 751
681 163
74 866
121 761
790 735
427 426
78 745
940 268
453 227
749 497
958 869
711 431
375 801
433 45
883 65
428 916
456 305
913 271
736 490
949 713
111 891
745 797
739 725
33 105
65 939
546 898
521 793
676 766
991 17
605 563
513 969
369 61
527 419
913 857
737 967
519 561
201 926
376 223
33 609
763 837
461 938
552 205
793 564
805 223
908 313
463 776
194 453
841 445
863 873
636 361
419 393
369 200
581 143
663 638
41 247
657 677
866 267
861 933
463 35
671 917
529 127
970 935
425 704
201 870
65 457
401 531
645 144
905 213
639 346
558 15
2 817
324 135
935 601
204 182
136 166
51 81
131 151
194 326
919 354
773 617
875 851
906 550
364 665
145 253
109 191
399 849
369 378
681 644
126 333
551 981
625 169
640 386
107 731
256 763
917 571
721 177
103 30
880 177
691 331
313 161
989 762
625 39
101 34
443 515
961 676
267 227
350 201
151 58
296 461
645 649
801 53
78 224
751 501
649 141
857 895
431 836
859 409
945 31
443 172
586 218
535 885
951 941
333 633
721 719
19 593
175 497
536 115
681 772
833 28
433 482
896 281
606 783
219 3
129 581
566 833
241 695
921 917
717 599
625 657
669 667
765 369
889 249
112 142
461 894
303 99
301 426
661 425
422 371
159 556
175 770
421 941
356 351
113 937
349 948
843 285
516 991
221 611
895 599
2 380
586 271
97 25
356 376
413 131
379 289
709 342
55 497
417 38
446 301
901 983
394 561
715 312
576 744
261 231
536 324
159 422
907 670
504 474
449 5
69 815
327 321
601 929
885 700
667 469
699 177
956 856
801 446
882 635
185 568
966 191
872 287
883 477
21 327
41 177
461 805
470 401
960 63
450 601
977 735
562 785
939 243
731 67
971 273
403 747
254 594
901 541
876 646
441 183
177 616
386 453
291 593
651 676
936 9
889 51
269 132
831 301
89 187
431 321
151 251
57 13
264 633
756 506
989 440
789 647
391 266
33 718
431 435
513 499
859 817
417 915
674 681
659 403
733 810
855 622
491 439
836 29
25 235
201 441
553 561
420 201
371 265
185 974
591 289
105 391
413 297
591 119
281 625
521 629
665 441
41 805
375 792
646 801
361 393
241 395
406 281
57 68
525 233
499 1000
943 301
401 666
701 421
553 571
136 618
950 976
301 133
221 549
682 473
29 123
349 85
337 921
597 509
601 564
401 961
753 469
736 553
465 426
601 989
158 569
991 633
95 479
222 86
36 786
811 619
395 1
812 961
433 777
956 276
261 166
156 161
709 787
571 171
421 81
41 430
33 721
781 53
945 636
137 686
898 92
521 689
633 431
460 742
605 781
26 304
417 825
913 21
881 951
781 225
413 911
861 105
697 596
51 697
269 755
465 28
441 849
220 301
451 251
209 767
71 768
149 513
359 737
713 371
733 421
917 841
613 812
305 225
461 760
751 827
266 851
473 469
201 35
127 245
345 73
326 980
831 491
909 206
166 137
390 129
199 485
177 225
755 145
271 756
393 826
796 353
85 441
381 913
489 51
303 956
684 617
576 389
177 37
159 96
343 245
710 213
322 245
429 785
877 389
895 741
45 889
53 924
19 217
607 66
97 461
860 504
97 431
1 501
85 796
185 1
89 241
821 959
481 913
826 106
866 49
629 9
152 361
65 193
647 313
953 585
726 153
649 306
721 985
1 161
456 361
944 801
343 949
376 801
675 427
455 405
57 213
894 92
614 96
311 129
477 31
477 167
501 76
20 921
536 629
761 286
757 121
201 841
836 301
501 761
491 951
805 389
643 309
974 156
505 461
536 1
745 126
641 902
298 471
881 549
309 781
483 79
10 845
577 444
858 649
827 651
214 13
341 385
483 281
360 211
127 849
675 45
81 469
991 582
327 770
807 567
411 205
1000 851
433 510
529 937
861 301
100 345
351 751
501 670
86 49
633 825
301 216
441 16
303 331
886 776
933 285
293 916
933 419
537 51
249 717
842 769
973 593
401 240
121 829
689 686
137 625
241 415
103 791
681 497
217 18
751 551
724 526
841 246
931 807
86 683
47 241
66 445
501 309
276 660
245 684
773 785
171 616
611 799
481 973
20 769
867 891
951 589
481 25
846 901
231 637
159 906
815 621
912 488
872 665
96 561
426 144
357 500
668 777
301 877
602 401
716 921
571 257
821 250
167 645
374 346
291 769
521 26
545 671
233 887
493 12
141 845
933 276
651 425
801 765
736 282
541 111
51 450
645 226
263 385
604 449
721 313
953 321
25 261
471 1
279 799
579 465
838 371
405 321
229 445
757 138
517 555
867 257
386 31
681 793
101 507
283 131
361 809
358 903
541 452
263 849
623 383
601 673
215 951
553 848
771 104
396 666
749 70
392 221
761 491
987 179
119 686
271 945
15 523
401 33
143 857
995 997
851 132
921 901
866 255
878 201
975 187
61 251
665 631
488 201
913 15
961 441
471 551
851 21
851 65
912 515
396 421
453 640
348 739
411 767
290 580
286 36
695 316
945 941
74 206
585 137
950 331
609 545
196 373
509 843
255 974
961 211
537 196
341 809
231 313
981 84
472 345
197 265
241 807
751 920
15 753
66 637
143 798
521 655
808 827
575 976
878 820
905 221
6 298
341 661
920 703
422 706
335 34
348 381
39 928
881 609
33 834
167 931
849 62
417 759
738 25
496 526
581 489
625 249
667 651
665 341
345 21
465 81
365 589
251 627
151 331
722 615
17 509
603 345
37 181
163 874
960 673
365 193
641 845
510 995
1 183
765 930
79 301
155 186
567 490
361 708
697 24
621 227
377 533
870 897
474 549
811 912
633 363
425 183
481 399
657 129
315 387
26 592
606 751
481 441
75 671
919 329
359 35
709 601
301 961
601 733
905 551
473 439
664 831
51 10
205 515
553 753
353 773
906 611
449 877
248 134
409 103
993 737
222 777
361 465
53 841
398 809
485 908
256 681
360 845
781 263
237 901
289 21
947 749
376 337
52 65
162 891
299 521
547 786
491 813
476 183
940 209
526 337
806 181
201 14
609 439
851 671
832 183
681 889
576 526
657 883
106 837
203 351
527 661
761 545
73 173
25 779
181 193
359 390
811 409
78 931
833 471
986 201
835 761
511 979
686 425
133 399
941 817
705 479
346 309
192 820
324 771
366 281
501 728
541 411
399 557
601 197
557 361
353 801
948 909
845 811
326 668
582 666
719 172
121 309
785 125
951 1
881 447
1 212
49 857
489 463
161 277
841 731
561 759
830 139
825 669
907 37
495 891
951 861
43 745
819 861
801 715
591 433
131 649
771 935
850 698
660 465
753 271
171 81
138 601
763 337
367 641
39 917
441 233
253 220
441 645
821 569
849 281
643 341
900 525
477 99
180 744
396 359
289 601
881 625
503 369
975 351
976 306
998 961
506 801
377 355
701 797
905 584
360 921
232 241
468 626
339 282
167 491
574 741
517 727
737 516
191 977
601 937
781 219
337 195
967 198
261 656
521 961
31 144
442 641
641 986
678 762
277 434
264 977
259 71
457 89
941 897
765 159
41 817
529 289
225 217
727 385
233 281
653 173
725 894
901 518
584 407
217 960
199 293
721 735
531 656
257 153
793 376
974 201
615 393
185 356
673 375
383 615
109 462
251 278
829 335
517 271
953 605
497 219
655 107
201 941
113 529
984 185
441 601
591 753
348 563
181 327
242 355
102 561
200 1
26 321
284 377
681 763
992 563
76 9
216 60
306 51
255 265
462 709
329 805
349 889
129 601
505 117
162 345
789 131
999 309
354 376
806 493
911 451
761 126
221 457
278 881
483 211
653 225
577 143
491 639
761 781
851 471
341 49
95 257
51 738
454 673
320 57
369 775
351 621
516 563
601 343
981 313
111 113
429 351
9 675
939 813
583 935
301 421
895 503
364 15
295 529
28 611
149 201
326 637
321 465
180 775
675 775
170 701
489 925
327 716
887 380
987 217
632 221
681 324
165 965
701 209
330 405
573 811
775 501
51 511
801 369
585 439
161 549
850 13
955 233
331 617
5 911
937 793
953 41
327 449
10 186
36 301
1 556
24 334
669 97
931 869
44 676
795 323
759 273
217 805
201 769
676 766
981 520
735 366
446 28
812 271
594 203
24 661
243 11
243 30
311 849
567 983
177 891
29 53
777 327
801 85
611 219
696 351
920 916
801 353
221 329
770 763
729 277
786 213
565 841
504 249
216 822
505 811
53 373
319 517
789 529
201 325
533 167
481 841
969 614
371 693
823 926
249 697
40 75
811 651
126 40
65 119
175 241
441 431
597 531
187 833
519 211
5 929
313 677
354 471
241 509
361 586
953 769
163 129
39 771
913 951
459 229
17 312
436 927
549 455
461 921
767 65
501 951
644 416
154 301
469 327
801 201
689 101
848 313
669 615
289 89
601 189
518 92
991 451
93 921
329 35
829 971
449 793
101 213
445 485
817 397
279 587
266 101
521 555
537 927
443 743
60 465
925 753
785 633
531 921
661 923
49 136
662 408
265 25
921 991
565 625
989 579
550 701
741 697
281 402
185 81
678 65
3 421
443 265
346 933
421 972
966 741
63 817
345 376
857 497
753 221
11 146
9 548
673 38
20 313
521 145
875 871
899 933
596 941
235 599
411 181
77 955
637 321
777 41
757 79
913 441
41 1
411 442
468 592
166 1
717 226
929 441
585 192
266 976
63 191
431 337
522 81
553 191
636 409
713 385
690 825
833 161
390 985
685 543
571 126
789 414
869 401
1 49
441 649
181 586
706 413
415 3
211 701
947 801
314 335
36 657
599 270
457 641
822 646
301 337
747 985
813 261
573 581
701 595
475 630
773 69
841 553
509 907
662 686
974 517
77 361
744 120
183 605
771 851
855 126
751 712
810 921
461 706
65 735
713 901
457 919
512 441
821 961
821 461
817 964
321 634
553 401
733 18
105 809
809 185
149 917
747 265
25 977
881 361
309 84
711 1
631 459
281 81
726 493
169 233
22 881
836 977
391 933
851 431
381 746
33 261
762 676
537 467
485 445
348 298
215 865
633 661
821 303
229 624
769 831
841 243
379 105
567 161
561 44
366 250
911 693
562 25
659 611
429 796
731 841
856 538
907 813
111 308
715 239
836 793
775 339
851 41
146 457
377 217
661 515
138 743
601 497
946 112
654 517
581 513
684 475
923 25
901 418
921 349
363 347
541 797
769 801
710 457
989 275
935 496
681 682
321 1
481 201
912 545
341 809
97 409
331 871
949 504
956 9
971 997
645 591
59 855
291 889
801 301
586 337
50 121
369 341
901 808
665 57
861 686
649 696
947 533
101 39
566 953
111 985
406 61
681 197
553 631
680 645
889 833
513 371
297 93
329 153
25 165
889 909
181 773
719 724
487 451
278 901
279 921
135 831
393 988
129 3
12 249
797 271
955 918
951 665
313 10
465 945
209 273
53 134
265 666
951 191
417 261
301 497
735 159
41 241
1 372
730 869
956 454
649 84
499 999
611 129
561 10
309 969
827 70
409 41
373 971
140 625
92 234
186 297
661 560
353 5
9 170
2 208
319 917
461 465
85 438
986 1
930 216
233 151
531 182
673 413
734 146
39 761
283 129
973 225
497 120
671 281
31 483
485 57
614 185
249 94
805 941
837 769
297 33
208 927
425 933
843 194
326 613
20 871
217 981
162 153
761 533
929 717
189 402
52 1
27 273
969 749
393 370
113 352
197 751
91 481
12 27
673 76
445 65
569 429
641 401
501 876
346 613
601 136
189 966
809 538
293 986
495 771
31 468
271 105
619 170
211 268
469 478
980 529
327 331
754 274
947 830
640 165
595 513
989 475
696 961
601 946
515 707
311 881
322 838
5 195
501 849
235 566
73 749
1 305
247 265
549 857
121 649
184 513
401 1
857 444
302 465
465 96
216 78
201 311
341 985
417 25
244 281
416 717
157 329
969 242
483 80
558 215
488 115
163 248
491 496
601 559
945 105
266 991
489 439
58 419
527 511
671 76
823 929
556 75
767 36
201 883
887 203
19 28
287 512
561 844
489 971
725 103
471 231
155 201
325 501
333 465
657 413
719 313
176 721
225 193
756 172
797 801
538 297
731 745
597 825
306 826
251 832
579 797
647 250
750 965
675 961
261 361
86 425
651 111
721 113
454 265
76 242
65 83
187 357
576 141
136 810
395 475
45 273
841 901
826 157
965 991
382 1
904 751
655 369
187 909
187 76
37 401
505 91
689 159
497 193
557 408
846 755
301 817
106 506
539 441
907 320
711 721
556 669
902 505
121 452
351 383
318 696
719 41
230 401
761 421
1 858
226 283
25 721
417 276
801 233
381 811
361 583
873 920
499 344
561 565
371 413
1 733
17 690
119 519
831 951
893 529
225 746
276 597
101 9
201 81
850 35
71 78
189 61
169 441
277 744
671 29
882 683
28 825
383 481
939 917
361 781
625 511
707 216
51 113
631 543
73 15
566 325
49 525
937 441
961 181
937 411
241 925
13 113
367 401
186 405
89 729
730 740
651 973
908 145
765 697
953 496
84 765
54 721
411 812
737 689
220 693
23 231
923 211
871 481
953 251
645 96
685 253
956 161
721 205
801 57
869 593
401 479
769 353
924 71
849 594
521 227
895 446
921 893
841 279
541 963
94 73
947 211
236 689
599 941
514 901
90 78
73 592
905 169
939 643
451 501
209 327
81 634
807 611
213 62
276 261