1000 1
489 957
193 439
246 519
187 107
39 841
430 679
315 510
976 578
960 241
418 948
42 303
139 1
598 831
576 396
551 142
696 948
35 524
89 62
623 900
484 644
246 327
443 500
325 800
780 873
923 525
782 882
530 205
461 644
265 619
277 845
970 27
528 702
745 694
562 217
685 582
235 610
82 49
125 564
868 49
598 910
748 763
640 430
265 513
939 737
529 724
582 54
80 93
473 866
933 452
381 595
7 405
277 628
880 312
290 863
128 479
607 960
665 463
244 732
480 325
477 751
777 225
252 1000
923 81
130 52
583 174
19 933
203 833
884 203
197 397
70 962
177 353
965 435
723 477
224 263
300 362
225 245
650 458
829 587
612 319
295 969
134 484
972 531
322 403
924 359
68 424
544 872
922 637
123 594
909 584
345 156
716 498
378 94
149 936
709 584
621 153
963 247
176 392
631 735
852 131
179 242
458 713
180 787
770 721
87 768
814 749
251 803
588 759
347 764
744 310
868 151
882 26
233 12
345 585
665 648
4 215
464 69
83 482
157 52
848 267
910 600
882 254
807 46
922 6
23 454
115 29
885 687
218 478
322 948
132 444
43 403
995 437
50 355
149 581
160 705
816 923
80 6
732 524
248 481
711 936
422 522
910 397
670 508
821 625
760 271
562 296
259 226
217 609
634 767
567 203
867 195
318 462
891 904
25 412
968 965
1001 409
43 412
391 534
641 274
368 914
57 48
112 453
327 767
159 988
908 725
138 98
122 26
879 860
27 242
115 856
746 769
450 428
278 363
685 40
508 841
277 542
189 882
999 34
778 539
135 268
838 41
770 699
652 284
488 934
346 969
128 357
820 114
583 111
675 519
681 920
784 536
431 828
356 255
447 452
765 123
776 942
797 129
618 816
299 107
737 766
286 442
794 371
830 736
224 534
933 90
795 40
437 430
27 203
176 781
881 905
287 236
79 600
751 648
971 674
199 5
908 402
265 406
386 805
132 227
666 265
269 653
256 51
301 585
253 395
598 708
996 958
901 254
371 689
470 780
180 193
371 517
794 143
266 28
774 649
114 297
464 761
469 174
84 410
281 64
205 573
294 753
434 183
332 114
290 480
846 445
590 310
237 665
679 136
181 208
893 70
31 578
426 111
622 412
738 388
786 105
565 806
872 546
5 350
128 97
861 351
50 890
42 15
931 36
477 851
314 835
792 973
694 749
939 876
458 630
373 119
223 508
361 126
348 706
989 673
579 962
849 256
465 784
457 484
607 525
912 267
643 251
232 428
747 84
302 48
616 989
138 427
527 667
888 397
770 503
289 220
356 902
995 223
877 73
525 184
834 709
451 148
477 413
995 409
269 966
923 173
996 151
219 591
811 425
716 403
321 364
95 632
421 744
565 223
112 157
45 919
354 798
309 346
438 425
966 65
998 367
72 139
272 270
244 705
831 924
396 686
478 560
740 630
101 415
499 178
223 613
285 923
897 630
505 462
986 117
719 483
220 591
974 499
135 169
833 179
564 939
330 347
44 802
672 717
904 531
572 783
723 584
983 376
258 505
253 253
981 110
358 163
6 194
876 940
943 708
765 812
295 124
445 200
953 180
638 754
692 12
831 577
125 873
401 375
622 730
644 504
163 561
319 347
379 8
548 533
294 71
924 774
151 427
596 883
467 483
475 826
815 782
846 827
400 248
896 799
211 229
506 969
459 809
80 153
400 508
303 513
145 586
493 226
217 404
230 412
831 255
448 976
819 594
307 170
510 800
644 752
171 410
909 594
66 207
478 564
251 461
29 847
274 449
87 2
83 55
433 650
465 280
325 810
923 497
497 911
881 883
226 986
410 299
117 845
315 81
737 658
178 943
758 499
325 92
790 979
727 299
125 875
227 425
762 702
612 521
241 438
173 107
768 862
749 849
236 414
964 91
435 408
625 685
721 786
864 852
996 560
974 299
916 373
34 609
787 9
567 548
124 149
398 156
922 187
979 391
625 287
568 162
278 890
473 176
628 659
355 584
273 572
327 20
963 409
48 830
371 825
190 390
142 767
794 317
227 997
561 554
727 704
548 608
254 995
594 737
884 820
944 308
813 993
124 904
794 817
317 342
238 925
303 387
854 570
728 554
383 460
94 576
133 257
807 306
848 987
437 684
270 809
232 361
602 595
867 768
680 55
947 604
103 41
644 149
351 282
530 758
437 379
177 475
251 991
184 936
108 35
295 257
146 986
223 18
430 176
924 684
279 993
375 541
760 321
400 677
265 697
937 356
184 594
688 718
855 246
617 262
30 167
529 604
450 536
776 109
810 599
998 809
455 936
477 744
442 43
1 505
159 714
377 492
568 248
461 673
658 866
895 536
925 640
81 761
912 262
725 44
569 535
409 468
542 876
558 53
233 437
984 404
304 148
373 317
96 188
178 487
365 471
283 171
973 170
301 510
752 62
302 219
573 972
754 563
398 143
443 758
892 161
352 434
408 988
538 686
635 487
87 284
646 849
592 886
429 459
144 409
199 983
293 139
767 469
91 267
919 278
817 385
577 721
233 394
122 214
177 851
721 235
878 904
421 196
632 197
757 104
241 543
179 623
244 550
565 38
356 919
109 943
242 465
882 671
392 19
611 630
172 891
341 597
111 854
177 833
966 109
698 11
922 778
473 957
532 776
426 749
309 791
573 380
536 39
801 722
128 631
186 581
871 399
618 249
991 831
786 540
944 381
491 545
517 276
520 94
231 789
227 333
720 978
467 427
987 795
771 345
396 944
53 51
593 848
636 802
720 36
643 691
949 362
859 904
940 320
911 807
535 298
492 289
720 237
279 339
593 617
35 502
703 553
608 948
382 302
434 282
257 12
786 377
34 151
906 872
467 283
451 613
15 793
335 518
544 381
683 186
152 621
274 194
248 82
201 831
53 373
152 494
574 977
474 845
426 647
567 51
215 294
778 718
719 196
280 480
620 64
629 236
41 719
663 509
863 581
985 668
62 980
434 552
22 261
721 385
652 292
110 342
382 927
62 434
334 996
214 44
16 57
788 104
645 786
285 655
816 936
922 522
231 405
945 191
951 29
205 555
138 844
947 375
415 576
309 115
15 956
573 949
734 593
302 673
51 284
806 576
829 905
259 717
109 857
545 12
439 282
471 355
719 430
276 231
224 871
493 981
51 111
616 97
614 33
540 732
175 685
345 652
914 577
180 423
880 500
533 853
642 794
528 205
315 476
177 295
228 282
126 734
145 877
396 171
507 472
46 877
576 285
381 473
816 649
751 536
308 401
257 201
564 42
907 20
715 951
737 798
171 148
235 750
925 372
36 737
213 326
712 923
983 24
54 707
52 150
258 320
853 445
532 123
893 670
404 851
40 723
290 877
645 58
297 676
451 828
667 280
957 1000
54 1001
749 650
194 22
467 854
757 477
874 136
928 498
315 11
821 587
2 633
518 411
431 100
745 659
905 927
517 126
566 826
107 530
865 325
689 559
882 505
12 987
549 377
294 112
710 472
566 384
192 14
588 808
260 518
757 97
83 25
933 43
433 673
431 766
501 712
544 566
545 987
918 103
575 618
82 752
941 939
669 89
226 692
936 354
56 820
763 255
227 395
441 951
449 180
427 383
613 536
676 368
41 112
277 135
910 91
284 921
680 97
992 941
498 953
636 673
333 213
764 804
505 482
436 462
183 950
516 879
458 961
647 395
707 610
690 43
188 144
433 392
691 817
604 572
339 441
174 821
591 792
417 538
979 499
671 162
310 227
517 132
973 335
359 571
797 108
291 152
20 841
597 134
271 55
479 196
92 487
809 747
923 679
683 183
413 781
408 850
67 868
409 334
876 815
903 388
196 511
277 706
741 5
416 689
944 612
43 947
561 885
957 862
25 108
99 89
394 754
727 36
588 528
378 864
526 568
863 244
12 487
234 55
76 900
779 926
180 570
548 796
659 659
151 424
499 628
135 65
966 102
43 329
93 583
26 476
987 577
607 275
24 908
18 392
67 351
256 152
405 386
808 613
415 612
437 179
246 979
799 818
388 616
731 152
848 263
101 822
370 402
863 614
456 412
937 992
601 339
545 759
600 90
166 491
512 305
457 564
827 545
685 808
201 804
595 131
448 831
185 748
784 493
67 120
613 729
780 15
708 544
135 375
199 602
481 637
422 279
366 430
597 987
938 324
208 835
410 948
728 810
70 690
213 947
846 356
788 298
713 424
248 752
611 539
415 626
206 906
247 538
746 503
642 119
235 330
339 61
34 404
871 893
709 441
134 600
482 906
492 176
284 392
509 618
292 64
792 748
570 62
8 503
407 479
380 351
874 491
434 143
457 124
93 668
69 964
249 880
358 495
997 317
214 944
42 361
929 864
162 514
349 196
598 330
831 319
815 873
818 860
96 714
496 359
963 175
349 874
122 475
585 87
334 837
919 83
633 556
122 630
847 338
143 125
961 913
325 242
598 665
105 828
490 416
261 504
248 715
159 69
995 689
105 741
716 589
792 983
150 130
970 9
763 648
656 875
53 723
